1 1 0 0.286808 0.284606 0.0044035
2 2 0 0.286874 0.284547 0.00465365
3 3 0 0.286907 0.284465 0.00488455
4 4 0 0.286779 0.284554 0.00445118
5 5 0 0.287114 0.284314 0.0056009
6 6 0 0.28668 0.28475 0.00386013
7 7 0 0.286044 0.285317 0.00145353
8 8 0 0.285901 0.285425 0.000952362
9 8 1 0.285597 0.285724 -0.000253926
10 8 2 0.285554 0.285783 -0.000456888
11 8 3 0.285296 0.286014 -0.00143624
12 8 4 0.285236 0.28609 -0.00170803
13 8 5 0.284433 0.286836 -0.00480541
14 8 6 0.284937 0.286346 -0.00281639
15 8 7 0.284892 0.286404 -0.00302275
16 8 8 0.284769 0.286529 -0.00352011
17 8 9 0.284756 0.286544 -0.00357492
18 8 10 0.284694 0.286497 -0.00360505
19 8 11 0.284046 0.287067 -0.00604201
20 8 12 0.284262 0.286838 -0.00515268
21 8 13 0.284538 0.286544 -0.00401062
22 8 14 0.284425 0.286665 -0.00448066
23 8 15 0.284051 0.287039 -0.00597532
24 8 16 0.283212 0.287797 -0.00917025
25 8 17 0.284284 0.286841 -0.00511396
26 8 18 0.283867 0.287233 -0.00673184
27 8 19 0.284995 0.286218 -0.00244714
28 8 20 0.285156 0.285951 -0.00159053
29 8 21 0.284588 0.286546 -0.00391539
30 8 22 0.284411 0.286815 -0.00480695
31 8 23 0.284215 0.287059 -0.00568804
32 8 24 0.284266 0.286965 -0.00539702
33 8 25 0.285061 0.286078 -0.00203259
34 8 26 0.285378 0.285827 -0.000898003
35 9 26 0.286551 0.284624 0.00385487
36 10 26 0.287244 0.28389 0.00670916
37 11 26 0.287607 0.283424 0.0083658
38 12 26 0.288051 0.283054 0.00999485
39 13 26 0.287953 0.283068 0.00977065
40 14 26 0.287249 0.28365 0.00719881
41 15 26 0.286645 0.284287 0.00471495
42 16 26 0.286049 0.284924 0.00225001
43 17 26 0.286834 0.284128 0.00541203
44 18 26 0.287075 0.283874 0.00640341
45 19 26 0.287901 0.28296 0.00988066
46 20 26 0.287711 0.283195 0.00903135
47 21 26 0.287844 0.283071 0.00954618
48 22 26 0.287137 0.283806 0.00666243
49 23 26 0.286796 0.284058 0.00547671
50 24 26 0.286745 0.284245 0.00500079
51 25 26 0.286469 0.284523 0.0038927
52 26 26 0.28664 0.284194 0.00489201
53 27 26 0.286707 0.284157 0.00510027
54 28 26 0.285903 0.285019 0.00176719
55 29 26 0.285793 0.285161 0.00126329
56 30 26 0.28641 0.284529 0.00376188
57 31 26 0.286581 0.284478 0.00420435
58 32 26 0.285634 0.285449 0.00037049
59 33 26 0.285699 0.285383 0.00063347
60 34 26 0.285569 0.285486 0.000166032
61 35 26 0.285872 0.28517 0.0014045
62 36 26 0.286253 0.284819 0.00286948
63 37 26 0.28605 0.285032 0.0020368
64 38 26 0.285664 0.285324 0.000680047
65 38 27 0.285209 0.285713 -0.00100709
66 38 28 0.285131 0.285748 -0.00123423
67 38 29 0.284454 0.286449 -0.00398836
68 38 30 0.284701 0.286213 -0.00302315
69 38 31 0.284194 0.286755 -0.00512145
70 38 32 0.283969 0.286972 -0.00600652
71 38 33 0.284029 0.286951 -0.00584323
72 38 34 0.284384 0.286586 -0.00440447
73 38 35 0.284383 0.286524 -0.00428094
74 38 36 0.284773 0.286097 -0.00264809
75 38 37 0.285263 0.285523 -0.000519099
76 38 38 0.285361 0.285492 -0.000261828
77 38 39 0.284448 0.286446 -0.00399592
78 38 40 0.284569 0.286412 -0.00368509
79 38 41 0.284053 0.286896 -0.00568546
80 38 42 0.284682 0.286339 -0.00331529
81 38 43 0.284592 0.286317 -0.00344979
82 38 44 0.285222 0.285779 -0.0011141
83 38 45 0.284667 0.286282 -0.00322943
84 38 46 0.285045 0.286019 -0.00194868
85 38 47 0.284929 0.286104 -0.0023499
86 38 48 0.284717 0.286443 -0.00345292
87 38 49 0.284945 0.286229 -0.00256956
88 39 49 0.28597 0.285189 0.00156376
89 40 49 0.28596 0.285218 0.00148471
90 41 49 0.286016 0.285109 0.00181483
91 41 50 0.284777 0.286311 -0.00306847
92 41 51 0.284443 0.286584 -0.00428362
93 41 52 0.284024 0.286986 -0.00592348
94 41 53 0.283792 0.287317 -0.00705114
95 41 54 0.283847 0.287094 -0.0064928
96 41 55 0.283984 0.286976 -0.00598366
97 41 56 0.283264 0.287777 -0.00902483
98 41 57 0.283477 0.28757 -0.00818648
99 41 58 0.283578 0.287478 -0.00779988
100 41 59 0.284189 0.287012 -0.00564611
101 41 60 0.283779 0.287409 -0.00725966
102 41 61 0.283905 0.287336 -0.00686179
103 41 62 0.283899 0.287379 -0.00695982
104 41 63 0.284278 0.287043 -0.00553135
105 41 64 0.284592 0.286801 -0.00441771
106 41 65 0.284206 0.287199 -0.00598586
107 41 66 0.284756 0.286632 -0.0037534
108 41 67 0.284653 0.286806 -0.00430665
109 41 68 0.284525 0.286931 -0.00481204
110 41 69 0.284668 0.286715 -0.00409508
111 41 70 0.284678 0.28668 -0.00400472
112 41 71 0.285069 0.286345 -0.00255295
113 41 72 0.285274 0.286182 -0.00181549
114 42 72 0.285908 0.28566 0.000496035
115 43 72 0.286105 0.285551 0.00110904
116 44 72 0.285933 0.285654 0.000557124
117 44 73 0.285703 0.285784 -0.000161407
118 44 74 0.285251 0.286124 -0.0017471
119 44 75 0.285278 0.286083 -0.00160975
120 44 76 0.285608 0.285742 -0.000269533
121 44 77 0.284652 0.28675 -0.00419487
122 44 78 0.284737 0.286637 -0.00380059
123 44 79 0.284293 0.287108 -0.00562973
124 44 80 0.284099 0.28718 -0.00616255
125 44 81 0.283206 0.288083 -0.00975413
126 44 82 0.283739 0.287603 -0.00772782
127 44 83 0.2837 0.2877 -0.00800148
128 44 84 0.283838 0.287468 -0.00726062
129 44 85 0.284038 0.287281 -0.00648609
130 44 86 0.284394 0.286899 -0.00500971
131 44 87 0.283641 0.287738 -0.00819377
132 44 88 0.28339 0.287924 -0.00906809
133 44 89 0.283746 0.287619 -0.00774525
134 44 90 0.283873 0.287606 -0.00746682
135 44 91 0.28427 0.287259 -0.00597675
136 44 92 0.284648 0.286854 -0.00441151
137 44 93 0.285009 0.286435 -0.00285073
138 44 94 0.284742 0.286577 -0.00366995
139 44 95 0.284784 0.286436 -0.00330469
140 44 96 0.284284 0.286919 -0.00527127
141 44 97 0.28387 0.287336 -0.00693116
142 44 98 0.283839 0.287463 -0.00724908
143 44 99 0.284096 0.287171 -0.00615178
144 44 100 0.284275 0.286953 -0.00535566
145 44 101 0.284766 0.286485 -0.00343861
146 44 102 0.284074 0.287215 -0.00628267
147 44 103 0.283177 0.288063 -0.00977087
148 44 104 0.283498 0.287725 -0.0084554
149 44 105 0.283669 0.287507 -0.00767698
150 44 106 0.283962 0.287152 -0.00637991
151 44 107 0.283712 0.287359 -0.00729412
152 44 108 0.28378 0.287322 -0.00708319
153 44 109 0.284049 0.287059 -0.00602032
154 44 110 0.28395 0.287187 -0.0064732
155 44 111 0.283124 0.28805 -0.00985075
156 44 112 0.282566 0.288625 -0.0121183
157 44 113 0.282157 0.289004 -0.0136946
158 44 114 0.281983 0.289134 -0.0143032
159 44 115 0.281179 0.290023 -0.0176881
160 44 116 0.281345 0.289836 -0.0169813
161 44 117 0.281937 0.289231 -0.0145881
162 44 118 0.282353 0.288846 -0.0129865
163 44 119 0.282461 0.288715 -0.0125095
164 44 120 0.28284 0.288489 -0.011299
165 44 121 0.283509 0.287835 -0.00865236
166 44 122 0.281756 0.289473 -0.0154347
167 44 123 0.282334 0.288884 -0.0130996
168 44 124 0.282229 0.289012 -0.0135677
169 44 125 0.281939 0.289349 -0.01482
170 44 126 0.281193 0.290176 -0.0179661
171 44 127 0.281872 0.289582 -0.0154198
172 44 128 0.28237 0.289074 -0.0134079
173 44 129 0.281694 0.289798 -0.016209
174 44 130 0.281977 0.289547 -0.015141
175 44 131 0.282018 0.289502 -0.0149667
176 44 132 0.28219 0.289215 -0.0140515
177 44 133 0.282648 0.288717 -0.0121385
178 44 134 0.283071 0.288218 -0.0102925
179 44 135 0.282933 0.288376 -0.0108859
180 44 136 0.282622 0.288721 -0.0121993
181 44 137 0.282944 0.288224 -0.0105593
182 44 138 0.282816 0.288489 -0.0113464
183 44 139 0.282336 0.289007 -0.0133424
184 44 140 0.281493 0.289704 -0.0164222
185 44 141 0.280851 0.290268 -0.0188336
186 44 142 0.281273 0.289867 -0.0171887
187 44 143 0.281194 0.289946 -0.0175049
188 44 144 0.280854 0.290276 -0.0188438
189 44 145 0.280328 0.290776 -0.0208967
190 44 146 0.280062 0.291047 -0.021968
191 44 147 0.279998 0.291203 -0.0224085
192 44 148 0.279877 0.291393 -0.023031
193 44 149 0.279297 0.292017 -0.025439
194 44 150 0.279006 0.292448 -0.0268829
195 44 151 0.278625 0.29284 -0.0284304
196 44 152 0.27892 0.292654 -0.0274686
197 44 153 0.279728 0.291962 -0.0244679
198 44 154 0.279817 0.291875 -0.0241149
199 44 155 0.279901 0.291852 -0.0239014
200 44 156 0.280381 0.291354 -0.0219462
201 44 157 0.280896 0.290764 -0.0197353
202 44 158 0.280932 0.290653 -0.0194415
203 44 159 0.280442 0.291137 -0.0213894
204 44 160 0.279991 0.291723 -0.0234658
205 44 161 0.279839 0.291818 -0.0239594
206 44 162 0.280378 0.291204 -0.0216516
207 44 163 0.280423 0.291196 -0.0215463
208 44 164 0.280538 0.291012 -0.0209468
209 44 165 0.280411 0.291221 -0.0216203
210 44 166 0.280052 0.291657 -0.0232101
211 44 167 0.279479 0.29224 -0.0255228
212 44 168 0.278346 0.293361 -0.0300282
213 44 169 0.278017 0.293743 -0.0314506
214 44 170 0.278416 0.293314 -0.0297973
215 44 171 0.27766 0.294107 -0.0328922
216 44 172 0.277924 0.293932 -0.0320174
217 44 173 0.278558 0.293264 -0.0294121
218 44 174 0.279008 0.292918 -0.0278191
219 44 175 0.279796 0.29209 -0.0245878
220 44 176 0.279218 0.292844 -0.0272509
221 44 177 0.278764 0.293345 -0.0291606
222 44 178 0.2792 0.292919 -0.0274373
223 44 179 0.279324 0.292869 -0.0270916
224 44 180 0.279105 0.293132 -0.0280551
225 44 181 0.279355 0.292853 -0.0269959
226 44 182 0.279475 0.292831 -0.0267136
227 44 183 0.27995 0.29229 -0.0246805
228 44 184 0.280018 0.292202 -0.0243685
229 44 185 0.279572 0.292619 -0.0260926
230 44 186 0.28031 0.291981 -0.0233429
231 44 187 0.280832 0.291485 -0.0213062
232 44 188 0.280157 0.292172 -0.0240312
233 44 189 0.28043 0.291828 -0.0227965
234 44 190 0.280618 0.291621 -0.0220065
235 44 191 0.280524 0.291729 -0.0224109
236 44 192 0.280321 0.292085 -0.0235265
237 44 193 0.279374 0.293104 -0.02746
238 44 194 0.279319 0.293088 -0.0275397
239 44 195 0.279985 0.292346 -0.024721
240 44 196 0.280159 0.292295 -0.0242706
241 44 197 0.279278 0.293066 -0.0275771
242 44 198 0.279734 0.292495 -0.0255229
243 44 199 0.280472 0.291719 -0.0224931
244 44 200 0.27987 0.292373 -0.0250074
245 44 201 0.278773 0.293479 -0.0294123
246 44 202 0.278311 0.293942 -0.0312623
247 44 203 0.27738 0.294968 -0.0351755
248 44 204 0.278017 0.29436 -0.0326868
249 44 205 0.278757 0.293666 -0.0298189
250 44 206 0.278856 0.293688 -0.0296656
251 44 207 0.278924 0.293657 -0.0294657
252 44 208 0.279058 0.293538 -0.0289598
253 44 209 0.27833 0.294393 -0.0321255
254 44 210 0.278517 0.29423 -0.0314257
255 44 211 0.27968 0.293184 -0.0270073
256 44 212 0.279841 0.293049 -0.0264167
257 44 213 0.280248 0.292804 -0.0251131
258 44 214 0.279751 0.293207 -0.0269131
259 44 215 0.27936 0.293583 -0.0284471
260 44 216 0.278929 0.294085 -0.0303123
261 44 217 0.278613 0.294246 -0.0312655
262 44 218 0.278845 0.293898 -0.030105
263 44 219 0.279229 0.293392 -0.0283272
264 44 220 0.279643 0.292988 -0.0266916
265 44 221 0.279907 0.292729 -0.0256438
266 44 222 0.280103 0.292559 -0.0249104
267 44 223 0.280689 0.291884 -0.0223899
268 44 224 0.280471 0.292389 -0.0238359
269 44 225 0.279408 0.293563 -0.0283101
270 44 226 0.279077 0.294035 -0.029916
271 44 227 0.278916 0.294168 -0.0305036
272 44 228 0.27843 0.294546 -0.0322321
273 44 229 0.278453 0.294608 -0.0323092
274 44 230 0.278994 0.294094 -0.0301996
275 44 231 0.279253 0.293801 -0.029096
276 44 232 0.279612 0.29347 -0.0277148
277 44 233 0.279309 0.293778 -0.0289379
278 44 234 0.27968 0.293502 -0.0276457
279 44 235 0.279055 0.294149 -0.0301878
280 44 236 0.279843 0.293358 -0.0270296
281 44 237 0.279978 0.293367 -0.0267771
282 44 238 0.279922 0.293495 -0.0271465
283 44 239 0.279109 0.294294 -0.0303691
284 44 240 0.279248 0.294206 -0.029916
285 44 241 0.279372 0.293998 -0.0292534
286 44 242 0.279079 0.294227 -0.0302962
287 44 243 0.279593 0.293802 -0.0284194
288 44 244 0.279744 0.293728 -0.0279665
289 44 245 0.279946 0.293477 -0.0270627
290 44 246 0.280659 0.292712 -0.0241076
291 44 247 0.280363 0.29314 -0.0255542
292 44 248 0.280596 0.292797 -0.0244007
293 44 249 0.280469 0.292962 -0.024988
294 44 250 0.280388 0.293245 -0.0257123
295 44 251 0.279955 0.293789 -0.0276679
296 44 252 0.280399 0.293199 -0.0255987
297 44 253 0.281462 0.29212 -0.0213156
298 44 254 0.281321 0.292255 -0.0218669
299 44 255 0.280963 0.292725 -0.0235234
300 44 256 0.280794 0.292858 -0.0241295
301 44 257 0.281066 0.292613 -0.0230926
302 44 258 0.280756 0.293077 -0.0246426
303 44 259 0.280986 0.292809 -0.0236464
304 44 260 0.280991 0.292815 -0.023649
305 44 261 0.28195 0.291855 -0.0198092
306 44 262 0.282274 0.291561 -0.0185738
307 44 263 0.282519 0.291272 -0.0175061
308 44 264 0.282435 0.291391 -0.0179132
309 44 265 0.282725 0.291089 -0.0167267
310 44 266 0.282437 0.291235 -0.017596
311 44 267 0.282042 0.291785 -0.0194852
312 44 268 0.281642 0.292203 -0.0211201
313 44 269 0.282142 0.291749 -0.0192137
314 44 270 0.282265 0.291689 -0.018847
315 44 271 0.282209 0.291744 -0.01907
316 44 272 0.282664 0.291304 -0.0172797
317 44 273 0.282151 0.291832 -0.0193612
318 44 274 0.282404 0.291448 -0.0180884
319 44 275 0.281304 0.292605 -0.0226021
320 44 276 0.280709 0.293258 -0.0250967
321 44 277 0.28143 0.292521 -0.0221821
322 44 278 0.282033 0.291954 -0.0198427
323 44 279 0.281412 0.292461 -0.0220969
324 44 280 0.281436 0.292379 -0.0218866
325 44 281 0.281897 0.291844 -0.0198938
326 44 282 0.28198 0.291776 -0.0195917
327 44 283 0.281825 0.291755 -0.01986
328 44 284 0.281396 0.292161 -0.0215319
329 44 285 0.28159 0.292051 -0.020922
330 44 286 0.280956 0.292408 -0.0229035
331 44 287 0.280519 0.292735 -0.0244317
332 44 288 0.280701 0.292524 -0.0236468
333 44 289 0.280106 0.293316 -0.0264206
334 44 290 0.280716 0.292728 -0.0240245
335 44 291 0.280653 0.292653 -0.0240014
336 44 292 0.28146 0.291935 -0.0209506
337 44 293 0.280487 0.292956 -0.0249388
338 44 294 0.280146 0.29342 -0.0265467
339 44 295 0.279861 0.293704 -0.0276869
340 44 296 0.279294 0.294204 -0.0298193
341 44 297 0.279384 0.29418 -0.0295921
342 44 298 0.279702 0.293808 -0.0282122
343 44 299 0.2792 0.294254 -0.0301088
344 44 300 0.27909 0.294323 -0.0304655
345 44 301 0.278172 0.295119 -0.0338947
346 44 302 0.277935 0.295413 -0.0349549
347 44 303 0.278568 0.294867 -0.0325969
348 44 304 0.278745 0.294688 -0.0318845
349 44 305 0.278446 0.294897 -0.032902
350 44 306 0.278622 0.29463 -0.0320155
351 44 307 0.2784 0.29488 -0.0329601
352 44 308 0.278738 0.294641 -0.0318069
353 44 309 0.278504 0.294753 -0.0324981
354 44 310 0.278003 0.295265 -0.0345253
355 44 311 0.278367 0.29497 -0.033207
356 44 312 0.278358 0.294907 -0.0330971
357 44 313 0.279188 0.294074 -0.0297728
358 44 314 0.27963 0.293574 -0.0278887
359 44 315 0.280379 0.292715 -0.0246709
360 44 316 0.280951 0.292165 -0.0224268
361 44 317 0.280844 0.292154 -0.0226205
362 44 318 0.280383 0.292731 -0.0246944
363 44 319 0.280609 0.292524 -0.0238298
364 44 320 0.281005 0.29213 -0.0222492
365 44 321 0.28142 0.291963 -0.0210856
366 44 322 0.280974 0.292445 -0.0229418
367 44 323 0.280771 0.292656 -0.0237698
368 44 324 0.281564 0.291989 -0.0208501
369 44 325 0.282652 0.290876 -0.0164478
370 44 326 0.282177 0.291364 -0.0183741
371 44 327 0.281706 0.291863 -0.0203143
372 44 328 0.281901 0.291712 -0.0196238
373 44 329 0.281896 0.291821 -0.0198513
374 44 330 0.282082 0.291689 -0.0192153
375 44 331 0.281577 0.292313 -0.0214737
376 44 332 0.281169 0.292771 -0.0232042
377 44 333 0.281074 0.292789 -0.0234303
378 44 334 0.281299 0.292571 -0.0225444
379 44 335 0.281927 0.291893 -0.0199321
380 44 336 0.281911 0.291773 -0.0197243
381 44 337 0.281978 0.291785 -0.0196141
382 44 338 0.282312 0.291429 -0.0182355
383 44 339 0.282899 0.290948 -0.0160968
384 44 340 0.282218 0.29162 -0.0188022
385 44 341 0.282847 0.290995 -0.0162957
386 44 342 0.282669 0.290994 -0.0166498
387 44 343 0.281872 0.291725 -0.0197063
388 44 344 0.281759 0.291772 -0.020025
389 44 345 0.280384 0.293127 -0.0254866
390 44 346 0.280349 0.293024 -0.0253499
391 44 347 0.280225 0.29319 -0.0259317
392 44 348 0.280642 0.292916 -0.0245484
393 44 349 0.281422 0.292058 -0.0212728
394 44 350 0.281178 0.292339 -0.0223211
395 44 351 0.280052 0.293519 -0.0269336
396 44 352 0.279146 0.294386 -0.0304797
397 44 353 0.279345 0.294023 -0.0293555
398 44 354 0.278453 0.294935 -0.0329624
399 44 355 0.278598 0.294764 -0.0323317
400 44 356 0.278605 0.294727 -0.0322429
