1 1 0 0.30273 0.278561 0.0483391
2 2 0 0.304295 0.27661 0.0553702
3 3 0 0.305195 0.275706 0.0589796
4 4 0 0.305184 0.275722 0.058924
5 5 0 0.30592 0.274753 0.0623332
6 6 0 0.305777 0.27487 0.0618127
7 7 0 0.305039 0.275315 0.0594478
8 8 0 0.30589 0.274266 0.0632486
9 9 0 0.305919 0.274062 0.0637146
10 10 0 0.305966 0.273827 0.0642766
11 11 0 0.305352 0.27419 0.0623229
12 12 0 0.305088 0.274364 0.061448
13 13 0 0.303642 0.27535 0.0565836
14 14 0 0.303661 0.275434 0.0564556
15 15 0 0.30346 0.275822 0.0552749
16 16 0 0.304766 0.274219 0.0610949
17 17 0 0.304938 0.274042 0.0617914
18 18 0 0.304103 0.275236 0.0577357
19 19 0 0.304896 0.274436 0.0609191
20 20 0 0.30603 0.273423 0.0652135
21 21 0 0.305769 0.273646 0.0642454
22 22 0 0.305943 0.273573 0.0647388
23 23 0 0.30549 0.274248 0.0624856
24 24 0 0.305512 0.274434 0.0621555
25 25 0 0.306159 0.273627 0.0650655
26 26 0 0.306253 0.273444 0.0656177
27 27 0 0.304652 0.274668 0.0599686
28 28 0 0.304874 0.274805 0.0601389
29 29 0 0.30475 0.274591 0.060318
30 30 0 0.305825 0.273414 0.064821
31 31 0 0.305224 0.274069 0.0623087
32 32 0 0.306476 0.273181 0.06659
33 33 0 0.308085 0.271177 0.0738164
34 34 0 0.309267 0.270272 0.0779916
35 35 0 0.308481 0.271036 0.0748903
36 36 0 0.30871 0.27079 0.07584
37 37 0 0.308256 0.271128 0.0742562
38 38 0 0.306677 0.272772 0.0678096
39 39 0 0.306097 0.273286 0.0656231
40 40 0 0.30535 0.27405 0.062599
41 41 0 0.302871 0.275908 0.0539254
42 42 0 0.304196 0.274612 0.0591677
43 43 0 0.30462 0.274448 0.060344
44 44 0 0.30315 0.275688 0.0549246
45 45 0 0.302896 0.276457 0.0528767
46 46 0 0.300481 0.278759 0.0434434
47 47 0 0.298977 0.280208 0.037538
48 48 0 0.300141 0.279395 0.041494
49 49 0 0.299566 0.280008 0.0391168
50 50 0 0.299727 0.279967 0.0395193
51 51 0 0.299474 0.280467 0.0380152
52 52 0 0.299965 0.280111 0.0397083
53 53 0 0.2995 0.280118 0.0387641
54 54 0 0.298454 0.281037 0.0348339
55 55 0 0.298916 0.280684 0.0364633
56 56 0 0.298743 0.280992 0.0355027
57 57 0 0.297472 0.281894 0.0311569
58 58 0 0.299462 0.279785 0.0393538
59 59 0 0.299242 0.280192 0.0381001
60 60 0 0.299871 0.2799 0.0399422
61 61 0 0.299981 0.279773 0.040417
62 62 0 0.300029 0.27943 0.0411994
63 63 0 0.301405 0.278269 0.046272
64 64 0 0.303274 0.276872 0.0528023
65 65 0 0.301987 0.278 0.0479744
66 66 0 0.302336 0.27772 0.0492322
67 67 0 0.301301 0.278296 0.0460105
68 68 0 0.300307 0.279258 0.0420985
69 69 0 0.300274 0.279469 0.0416096
70 70 0 0.302288 0.277423 0.0497297
71 71 0 0.302845 0.277005 0.0516816
72 72 0 0.302708 0.276515 0.0523846
73 73 0 0.303148 0.276317 0.0536622
74 74 0 0.304199 0.275076 0.0582456
75 75 0 0.305279 0.274638 0.0612831
76 76 0 0.304888 0.274879 0.0600172
77 77 0 0.305183 0.274529 0.0613079
78 78 0 0.307007 0.272774 0.0684665
79 79 0 0.307217 0.272365 0.0697037
80 80 0 0.307978 0.271907 0.0721412
81 81 0 0.3073 0.272515 0.0695699
82 82 0 0.307215 0.272594 0.0692429
83 83 0 0.306598 0.27305 0.0670957
84 84 0 0.305766 0.273486 0.0645599
85 85 0 0.30688 0.272425 0.0689113
86 86 0 0.307407 0.2726 0.069615
87 87 0 0.307756 0.272149 0.0712131
88 88 0 0.306474 0.273934 0.0650813
89 89 0 0.306178 0.27425 0.0638542
90 90 0 0.307127 0.273405 0.0674438
91 91 0 0.306247 0.274181 0.0641308
92 92 0 0.304333 0.276368 0.0559311
93 93 0 0.30309 0.277634 0.0509121
94 94 0 0.305475 0.275277 0.0603955
95 95 0 0.306136 0.274785 0.0627018
96 96 0 0.306848 0.274343 0.0650099
97 97 0 0.30426 0.276515 0.0554898
98 98 0 0.305801 0.274862 0.0618789
99 99 0 0.306437 0.274508 0.0638597
100 100 0 0.308051 0.272834 0.0704339
101 101 0 0.308187 0.272398 0.0715771
102 102 0 0.307978 0.27288 0.070196
103 103 0 0.308287 0.273458 0.0696581
104 104 0 0.308057 0.273982 0.0681493
105 105 0 0.307763 0.274613 0.0663001
106 106 0 0.308488 0.274152 0.0686715
107 107 0 0.306529 0.275673 0.0617108
108 108 0 0.306181 0.276408 0.0595459
109 109 0 0.306973 0.275912 0.0621208
110 110 0 0.305514 0.277157 0.0567137
111 111 0 0.305395 0.277515 0.0557583
112 112 0 0.306276 0.276453 0.0596443
113 113 0 0.307211 0.276414 0.0615948
114 114 0 0.307357 0.27646 0.0617946
115 115 0 0.307284 0.276466 0.061637
116 116 0 0.308395 0.275619 0.0655516
117 117 0 0.309753 0.27405 0.0714072
118 118 0 0.30904 0.274739 0.0686015
119 119 0 0.311587 0.271643 0.0798868
120 120 0 0.309559 0.274224 0.0706704
121 121 0 0.308741 0.275959 0.065565
122 122 0 0.308572 0.276542 0.0640616
123 123 0 0.308328 0.276116 0.0644228
124 124 0 0.307025 0.276857 0.0603358
125 125 0 0.307364 0.276882 0.0609649
126 126 0 0.305978 0.277811 0.0563357
127 127 0 0.304417 0.279159 0.0505153
128 128 0 0.304531 0.278929 0.0512047
129 129 0 0.303841 0.279754 0.0481745
130 130 0 0.302727 0.281231 0.0429932
131 131 0 0.303441 0.28013 0.0466222
132 132 0 0.301415 0.282578 0.0376733
133 133 0 0.303656 0.281305 0.044703
134 134 0 0.304847 0.280833 0.0480282
135 135 0 0.304153 0.281466 0.0453736
136 136 0 0.302128 0.283278 0.0377008
137 137 0 0.302429 0.283052 0.0387545
138 138 0 0.303136 0.282381 0.0415101
139 139 0 0.303035 0.282316 0.0414391
140 140 0 0.303864 0.281566 0.0445966
141 141 0 0.303628 0.281892 0.0434718
142 142 0 0.301599 0.283957 0.0352841
143 143 0 0.301382 0.283713 0.0353379
144 144 0 0.302393 0.283044 0.0386981
145 145 0 0.303939 0.281827 0.0442236
146 146 0 0.303476 0.282042 0.0428683
147 147 0 0.305522 0.280355 0.0503355
148 148 0 0.305743 0.280081 0.0513237
149 149 0 0.306673 0.279161 0.0550247
150 150 0 0.307314 0.278776 0.0570752
151 151 0 0.309807 0.277066 0.0654826
152 152 0 0.310409 0.276459 0.0679002
153 153 0 0.309416 0.27736 0.0641132
154 154 0 0.309769 0.277219 0.0651002
155 155 0 0.310354 0.276883 0.066942
156 156 0 0.310037 0.276603 0.0668667
157 157 0 0.31395 0.273291 0.0813169
158 158 0 0.313827 0.273066 0.0815214
159 159 0 0.314471 0.272941 0.0830616
160 160 0 0.315417 0.271669 0.0874951
161 161 0 0.315982 0.272022 0.0879201
162 162 0 0.316756 0.271274 0.0909632
163 163 0 0.3159 0.272364 0.0870717
164 164 0 0.314723 0.273625 0.0821956
165 165 0 0.314917 0.273609 0.0826149
166 166 0 0.315229 0.273766 0.0829273
167 167 0 0.315838 0.272459 0.0867576
168 168 0 0.315396 0.272956 0.0848783
169 169 0 0.314902 0.273633 0.0825375
170 170 0 0.314819 0.273428 0.0827833
171 171 0 0.314853 0.273417 0.0828731
172 172 0 0.315563 0.273376 0.0843753
173 173 0 0.314464 0.274384 0.0801614
174 174 0 0.315721 0.273571 0.0842999
175 175 0 0.315156 0.273999 0.0823131
176 176 0 0.315263 0.274069 0.0823886
177 177 0 0.314495 0.274696 0.0795978
178 178 0 0.314275 0.274616 0.0793182
179 179 0 0.312861 0.275741 0.0742386
180 180 0 0.312238 0.276616 0.0712431
181 181 0 0.311736 0.277074 0.0693239
182 182 0 0.312144 0.276646 0.0709952
183 183 0 0.313567 0.275886 0.0753624
184 184 0 0.312486 0.277201 0.0705697
185 185 0 0.311369 0.277925 0.066888
186 186 0 0.310215 0.278601 0.0632281
187 187 0 0.308937 0.279441 0.0589918
188 188 0 0.309455 0.279025 0.0608593
189 189 0 0.308637 0.279622 0.0580318
190 190 0 0.307969 0.28054 0.0548578
191 191 0 0.308808 0.280675 0.0562642
192 192 0 0.307307 0.282377 0.0498606
193 193 0 0.306501 0.282782 0.0474377
194 194 0 0.306178 0.282682 0.0469903
195 195 0 0.305546 0.283227 0.0446367
196 196 0 0.305023 0.282758 0.0445311
197 197 0 0.305947 0.281261 0.0493728
198 198 0 0.305197 0.281946 0.0465026
199 199 0 0.305797 0.281463 0.0486675
200 200 0 0.305676 0.281848 0.0476555
201 201 0 0.306205 0.281059 0.0502918
202 202 0 0.307768 0.279247 0.0570418
203 203 0 0.308162 0.278521 0.0592822
204 204 0 0.309914 0.276165 0.0674971
205 205 0 0.311552 0.274627 0.0738492
206 206 0 0.310867 0.275747 0.0702397
207 207 0 0.310792 0.276121 0.0693414
208 208 0 0.31066 0.276784 0.0677509
209 209 0 0.309596 0.277352 0.0644877
210 210 0 0.308424 0.278712 0.059424
211 211 0 0.307617 0.279526 0.0561823
212 212 0 0.308422 0.279015 0.0588125
213 213 0 0.310981 0.276916 0.0681301
214 214 0 0.310955 0.276854 0.0682029
215 215 0 0.309614 0.278164 0.0629
216 216 0 0.309538 0.278388 0.0623006
217 217 0 0.308086 0.279327 0.0575171
218 218 0 0.309496 0.277909 0.0631734
219 219 0 0.310888 0.277089 0.0675976
220 220 0 0.310693 0.277039 0.0673087
221 221 0 0.311321 0.275867 0.070908
222 222 0 0.312001 0.275091 0.0738199
223 223 0 0.314059 0.272589 0.0829398
224 224 0 0.314921 0.272213 0.0854163
225 225 0 0.315726 0.271498 0.0884555
226 226 0 0.316299 0.271072 0.0904531
227 227 0 0.315367 0.271833 0.0870667
228 228 0 0.314621 0.272586 0.0840699
229 229 0 0.314488 0.272322 0.0843322
230 230 0 0.312996 0.274038 0.0779175
231 231 0 0.313792 0.272727 0.0821282
232 232 0 0.315835 0.271344 0.0889804
233 233 0 0.317923 0.269585 0.0966752
234 234 0 0.318859 0.268782 0.100154
235 235 0 0.319335 0.268373 0.101924
236 236 0 0.319655 0.267573 0.104164
237 237 0 0.31981 0.267939 0.103742
238 238 0 0.321824 0.266408 0.110832
239 239 0 0.318847 0.268813 0.100068
240 240 0 0.319186 0.268624 0.101124
241 241 0 0.318309 0.269654 0.0973095
242 242 0 0.318212 0.269575 0.0972752
243 243 0 0.316342 0.271278 0.0901278
244 244 0 0.315016 0.272736 0.0845604
245 245 0 0.316692 0.271442 0.0904992
246 246 0 0.315926 0.271987 0.0878764
247 247 0 0.315931 0.271842 0.0881769
248 248 0 0.318509 0.269846 0.0973247
249 249 0 0.319761 0.268209 0.103104
250 250 0 0.320178 0.267701 0.104954
251 251 0 0.321006 0.266986 0.10804
252 252 0 0.322187 0.266063 0.112249
253 253 0 0.321407 0.266496 0.109824
254 254 0 0.322798 0.265161 0.115274
255 255 0 0.322897 0.264883 0.116028
256 256 0 0.323923 0.263893 0.12006
257 257 0 0.32205 0.266102 0.111897
258 258 0 0.321577 0.266363 0.110429
259 259 0 0.321956 0.266007 0.111898
260 260 0 0.322373 0.265215 0.114315
261 261 0 0.322626 0.264817 0.115619
262 262 0 0.322863 0.264912 0.115901
263 263 0 0.32297 0.265071 0.115798
264 264 0 0.324469 0.263496 0.121946
265 265 0 0.323692 0.264307 0.11877
266 266 0 0.323935 0.263965 0.11994
267 267 0 0.322894 0.265234 0.11532
268 268 0 0.32362 0.26488 0.11748
269 269 0 0.32408 0.264314 0.119533
270 270 0 0.323821 0.264428 0.118786
271 271 0 0.324695 0.264246 0.120898
272 272 0 0.325801 0.263065 0.12547
273 273 0 0.326495 0.26215 0.12869
274 274 0 0.324643 0.263785 0.121715
275 275 0 0.325138 0.263905 0.122466
276 276 0 0.326376 0.263286 0.12618
277 277 0 0.327385 0.262464 0.129843
278 278 0 0.326954 0.26247 0.128967
279 279 0 0.328145 0.261737 0.132816
280 280 0 0.326344 0.262808 0.127071
281 281 0 0.327916 0.261446 0.132939
282 282 0 0.328222 0.260704 0.135035
283 283 0 0.329637 0.259485 0.140304
284 284 0 0.327982 0.260724 0.134516
285 285 0 0.328406 0.260091 0.13663
286 286 0 0.326636 0.261568 0.130136
287 287 0 0.324518 0.263489 0.122059
288 288 0 0.325302 0.262901 0.124803
289 289 0 0.326164 0.262034 0.128261
290 290 0 0.328244 0.260166 0.136155
291 291 0 0.330441 0.25786 0.14516
292 292 0 0.331616 0.256154 0.150923
293 293 0 0.330511 0.25753 0.145961
294 294 0 0.329674 0.258569 0.142209
295 295 0 0.328364 0.259652 0.137425
296 296 0 0.32898 0.258295 0.141371
297 297 0 0.328532 0.258303 0.140457
298 298 0 0.327896 0.258919 0.137954
299 299 0 0.329136 0.257866 0.14254
300 300 0 0.327157 0.260163 0.133988
301 301 0 0.328486 0.258949 0.139075
302 302 0 0.328765 0.258851 0.139828
303 303 0 0.327723 0.259879 0.135687
304 304 0 0.328479 0.259069 0.13882
305 305 0 0.329724 0.257625 0.144198
306 306 0 0.328782 0.258809 0.139946
307 307 0 0.328263 0.259493 0.13754
308 308 0 0.329193 0.258686 0.141015
309 309 0 0.328091 0.259572 0.137036
310 310 0 0.327542 0.260485 0.134113
311 311 0 0.327975 0.260401 0.135148
312 312 0 0.329586 0.258878 0.141416
313 313 0 0.329913 0.258561 0.142704
314 314 0 0.328669 0.258959 0.139419
315 315 0 0.328436 0.258882 0.139107
316 316 0 0.32825 0.258488 0.139524
317 317 0 0.327234 0.259675 0.135119
318 318 0 0.328025 0.259034 0.137981
319 319 0 0.328016 0.259047 0.137938
320 320 0 0.330658 0.256039 0.149237
321 321 0 0.330322 0.256829 0.146986
322 322 0 0.331587 0.255987 0.1512
323 323 0 0.332155 0.255476 0.153358
324 324 0 0.330368 0.256892 0.146954
325 325 0 0.329558 0.258029 0.143057
326 326 0 0.329042 0.259 0.140085
327 327 0 0.329766 0.258647 0.142239
328 328 0 0.329076 0.259704 0.138744
329 329 0 0.329915 0.259167 0.141496
330 330 0 0.328071 0.260809 0.134523
331 331 0 0.326993 0.262306 0.129374
332 332 0 0.327461 0.26219 0.130542
333 333 0 0.325709 0.263426 0.124567
334 334 0 0.324524 0.264364 0.120321
335 335 0 0.323694 0.265087 0.117213
336 336 0 0.322395 0.266572 0.111647
337 337 0 0.32308 0.265423 0.115315
338 338 0 0.32328 0.266599 0.113362
339 339 0 0.322319 0.268297 0.108045
340 340 0 0.321638 0.269099 0.105079
341 341 0 0.319412 0.270766 0.0972926
342 342 0 0.319062 0.270663 0.0967978
343 343 0 0.320444 0.268946 0.102997
344 344 0 0.321992 0.267363 0.109257
345 345 0 0.321617 0.26789 0.107456
346 346 0 0.322618 0.267214 0.110809
347 347 0 0.322867 0.26756 0.110614
348 348 0 0.323231 0.266849 0.112765
349 349 0 0.322763 0.267206 0.111114
350 350 0 0.323893 0.265893 0.116001
351 351 0 0.324815 0.265187 0.119255
352 352 0 0.326119 0.263964 0.124311
353 353 0 0.32583 0.264107 0.123446
354 354 0 0.324986 0.264197 0.121579
355 355 0 0.325764 0.263297 0.124935
356 356 0 0.324721 0.264246 0.12095
357 357 0 0.325483 0.263207 0.124553
358 358 0 0.326652 0.262458 0.128388
359 359 0 0.328375 0.261248 0.134255
360 360 0 0.327804 0.261566 0.132477
361 361 0 0.327617 0.260991 0.133251
362 362 0 0.328981 0.260074 0.137814
363 363 0 0.328919 0.260158 0.137523
364 364 0 0.329968 0.25898 0.141975
365 365 0 0.329574 0.259101 0.140945
366 366 0 0.328407 0.260049 0.136716
367 367 0 0.328862 0.258803 0.140119
368 368 0 0.328325 0.258671 0.139308
369 369 0 0.32656 0.260534 0.132052
370 370 0 0.326949 0.260529 0.13284
371 371 0 0.327002 0.260528 0.132948
372 372 0 0.327017 0.259871 0.134293
373 373 0 0.326124 0.260405 0.131438
374 374 0 0.326318 0.25995 0.132736
375 375 0 0.327088 0.259059 0.136057
376 376 0 0.330122 0.257207 0.145831
377 377 0 0.328243 0.258614 0.139259
378 378 0 0.327979 0.258544 0.13887
379 379 0 0.327769 0.259043 0.137451
380 380 0 0.327672 0.25994 0.135463
381 381 0 0.326602 0.260563 0.132078
382 382 0 0.326169 0.260796 0.130745
383 383 0 0.324193 0.262445 0.123497
384 384 0 0.323853 0.262954 0.121799
385 385 0 0.323891 0.262685 0.122411
386 386 0 0.324104 0.262238 0.123731
387 387 0 0.324418 0.261637 0.125562
388 388 0 0.324202 0.261729 0.124946
389 389 0 0.323997 0.262709 0.122576
390 390 0 0.325151 0.261796 0.126711
391 391 0 0.325815 0.261273 0.129085
392 392 0 0.328262 0.258826 0.138872
393 393 0 0.327619 0.259575 0.136088
394 394 0 0.326944 0.259909 0.13407
395 395 0 0.327156 0.259453 0.135406
396 396 0 0.326711 0.260308 0.132807
397 397 0 0.327659 0.259857 0.135604
398 398 0 0.327196 0.25971 0.134972
399 399 0 0.327634 0.259507 0.136255
400 400 0 0.325082 0.261957 0.126249
