1 1 0 0.289267 0.285905 0.00672534
2 2 0 0.289571 0.285847 0.00744737
3 3 0 0.289535 0.285491 0.00808931
4 4 0 0.288716 0.28589 0.00565038
5 5 0 0.288965 0.285826 0.00627927
6 6 0 0.289626 0.285236 0.00877901
7 7 0 0.288993 0.285891 0.00620435
8 8 0 0.288317 0.286354 0.00392598
9 9 0 0.288158 0.286552 0.00321304
10 10 0 0.288924 0.285727 0.00639391
11 11 0 0.288875 0.285602 0.00654588
12 12 0 0.288484 0.286078 0.00481378
13 12 1 0.286025 0.288213 -0.0043759
14 12 2 0.285618 0.288356 -0.00547708
15 13 2 0.28713 0.286848 0.00056354
16 13 3 0.286652 0.287201 -0.00109872
17 13 4 0.284634 0.289516 -0.00976457
18 13 5 0.285554 0.287971 -0.00483502
19 13 6 0.284093 0.28901 -0.00983461
20 13 7 0.283925 0.289295 -0.0107387
21 13 8 0.285312 0.287682 -0.00474126
22 13 9 0.283336 0.289755 -0.0128368
23 13 10 0.283979 0.289433 -0.0109088
24 13 11 0.281291 0.292112 -0.0216417
25 13 12 0.284732 0.28902 -0.00857684
26 13 13 0.285452 0.28847 -0.00603669
27 14 13 0.287705 0.286426 0.00255778
28 14 14 0.286164 0.287785 -0.00324359
29 15 14 0.286967 0.286751 0.000430941
30 16 14 0.289237 0.284738 0.00899783
31 17 14 0.289697 0.283802 0.0117906
32 18 14 0.287355 0.286278 0.0021536
33 19 14 0.289603 0.284253 0.0106993
34 20 14 0.289436 0.284502 0.00986754
35 21 14 0.291122 0.283017 0.0162107
36 22 14 0.29049 0.283413 0.0141538
37 23 14 0.291544 0.281923 0.0192408
38 24 14 0.290389 0.283262 0.0142554
39 25 14 0.28966 0.283283 0.012754
40 26 14 0.287997 0.284442 0.00711061
41 27 14 0.286914 0.285628 0.00257301
42 27 15 0.28594 0.287515 -0.00314978
43 27 16 0.285657 0.287339 -0.00336534
44 27 17 0.286149 0.287122 -0.0019464
45 28 17 0.287084 0.286296 0.0015758
46 28 18 0.286675 0.286692 -3.4763e-05
47 28 19 0.284854 0.288554 -0.00740116
48 28 20 0.283062 0.290433 -0.0147407
49 28 21 0.281409 0.291628 -0.0204372
50 28 22 0.28161 0.292098 -0.0209753
51 28 23 0.28059 0.293445 -0.0257092
52 28 24 0.279671 0.294177 -0.0290123
53 28 25 0.280156 0.293847 -0.027383
54 28 26 0.279186 0.295218 -0.0320632
55 28 27 0.278698 0.295489 -0.0335821
56 28 28 0.279655 0.294353 -0.0293968
57 28 29 0.279622 0.295559 -0.0318742
58 28 30 0.277693 0.297663 -0.039941
59 28 31 0.278181 0.297827 -0.0392912
60 28 32 0.277324 0.298244 -0.0418396
61 28 33 0.277847 0.297175 -0.0386549
62 28 34 0.278912 0.297168 -0.0365123
63 28 35 0.279608 0.296297 -0.0333783
64 28 36 0.278305 0.297352 -0.0380931
65 28 37 0.277819 0.297424 -0.0392095
66 28 38 0.279301 0.295811 -0.0330201
67 28 39 0.278682 0.296416 -0.0354681
68 28 40 0.279205 0.296142 -0.0338743
69 28 41 0.278703 0.296963 -0.0365204
70 28 42 0.27725 0.298778 -0.043055
71 28 43 0.278511 0.297576 -0.0381305
72 28 44 0.279139 0.296618 -0.034957
73 28 45 0.279642 0.295616 -0.0319493
74 28 46 0.280692 0.293872 -0.0263589
75 28 47 0.280919 0.292748 -0.0236566
76 28 48 0.280553 0.293474 -0.0258416
77 28 49 0.278573 0.295772 -0.0343983
78 28 50 0.27923 0.295649 -0.032838
79 28 51 0.28031 0.294529 -0.0284387
80 28 52 0.281077 0.293797 -0.02544
81 28 53 0.282592 0.291966 -0.0187474
82 28 54 0.283342 0.291749 -0.0168123
83 28 55 0.283088 0.292082 -0.0179881
84 28 56 0.28367 0.291859 -0.0163767
85 28 57 0.283191 0.292426 -0.0184691
86 28 58 0.283114 0.293027 -0.019828
87 28 59 0.2844 0.291901 -0.0150035
88 28 60 0.286141 0.290148 -0.0080128
89 28 61 0.285717 0.290234 -0.00903282
90 28 62 0.286212 0.289313 -0.006201
91 28 63 0.283221 0.291948 -0.0174538
92 28 64 0.281843 0.293325 -0.0229654
93 28 65 0.280734 0.293982 -0.0264968
94 28 66 0.281449 0.293664 -0.0244311
95 28 67 0.280335 0.293814 -0.026957
96 28 68 0.280411 0.294051 -0.0272807
97 28 69 0.278996 0.295355 -0.0327184
98 28 70 0.279966 0.294651 -0.0293687
99 28 71 0.280465 0.294344 -0.0277575
100 28 72 0.279774 0.295365 -0.0311817
101 28 73 0.280039 0.295063 -0.0300485
102 28 74 0.280882 0.294014 -0.0262636
103 28 75 0.28169 0.293299 -0.0232173
104 28 76 0.282719 0.292295 -0.0191507
105 28 77 0.283268 0.292201 -0.0178662
106 28 78 0.282044 0.293543 -0.0229995
107 28 79 0.283305 0.292091 -0.0175734
108 28 80 0.284479 0.290873 -0.0127888
109 28 81 0.284436 0.291035 -0.013197
110 28 82 0.283778 0.291738 -0.0159184
111 28 83 0.283968 0.29138 -0.0148243
112 28 84 0.283116 0.292408 -0.0185841
113 28 85 0.281919 0.293884 -0.0239298
114 28 86 0.28281 0.293217 -0.0208138
115 28 87 0.283568 0.293001 -0.0188672
116 28 88 0.283899 0.292805 -0.0178127
117 28 89 0.284234 0.292423 -0.0163783
118 28 90 0.285055 0.291328 -0.0125452
119 28 91 0.284839 0.292046 -0.0144143
120 28 92 0.285146 0.292273 -0.0142549
121 28 93 0.284134 0.293461 -0.018654
122 28 94 0.285158 0.292862 -0.0154074
123 28 95 0.285437 0.292788 -0.0147018
124 28 96 0.283514 0.294012 -0.0209964
125 28 97 0.281826 0.295688 -0.0277255
126 28 98 0.284452 0.292911 -0.0169178
127 28 99 0.284745 0.293324 -0.0171587
128 28 100 0.28468 0.29306 -0.0167595
129 28 101 0.285244 0.292933 -0.0153789
130 28 102 0.2859 0.292292 -0.0127857
131 28 103 0.28392 0.294961 -0.0220826
132 28 104 0.285077 0.293948 -0.017741
133 28 105 0.286474 0.292867 -0.0127872
134 28 106 0.286898 0.292518 -0.0112391
135 28 107 0.2875 0.292419 -0.00983757
136 28 108 0.28806 0.291648 -0.00717609
137 28 109 0.288191 0.291795 -0.00720704
138 28 110 0.288563 0.291611 -0.0060963
139 28 111 0.288275 0.291181 -0.00581177
140 28 112 0.28645 0.292775 -0.0126501
141 28 113 0.28643 0.292424 -0.0119874
142 28 114 0.285947 0.292971 -0.0140475
143 28 115 0.286883 0.292038 -0.0103097
144 28 116 0.287496 0.291591 -0.00819012
145 28 117 0.288935 0.290019 -0.00216795
146 28 118 0.288493 0.290991 -0.00499497
147 28 119 0.285969 0.293437 -0.0149343
148 28 120 0.286674 0.292422 -0.0114975
149 28 121 0.285639 0.292926 -0.0145736
150 28 122 0.287419 0.290555 -0.00627195
151 28 123 0.286074 0.291865 -0.0115825
152 28 124 0.286814 0.291733 -0.00983777
153 28 125 0.287789 0.290655 -0.00573339
154 28 126 0.285918 0.292479 -0.0131213
155 28 127 0.284838 0.293507 -0.0173375
156 28 128 0.283393 0.294724 -0.0226615
157 28 129 0.281765 0.29608 -0.02863
158 28 130 0.282011 0.296107 -0.0281918
159 28 131 0.281269 0.29706 -0.031582
160 28 132 0.280273 0.297865 -0.0351826
161 28 133 0.280887 0.296791 -0.0318082
162 28 134 0.282199 0.295936 -0.0274727
163 28 135 0.280751 0.297709 -0.0339166
164 28 136 0.281768 0.296696 -0.0298562
165 28 137 0.283945 0.294686 -0.0214825
166 28 138 0.282108 0.295887 -0.0275563
167 28 139 0.284099 0.29408 -0.0199618
168 28 140 0.284185 0.294137 -0.0199049
169 28 141 0.282324 0.296092 -0.0275348
170 28 142 0.281226 0.297357 -0.0322622
171 28 143 0.282474 0.296911 -0.0288757
172 28 144 0.283721 0.295159 -0.0228753
173 28 145 0.281669 0.297005 -0.0306711
174 28 146 0.281762 0.296675 -0.0298264
175 28 147 0.281923 0.296515 -0.0291844
176 28 148 0.281968 0.296047 -0.0281583
177 28 149 0.283144 0.294953 -0.0236176
178 28 150 0.284273 0.293635 -0.0187246
179 28 151 0.285817 0.292724 -0.0138138
180 28 152 0.285666 0.293395 -0.0154575
181 28 153 0.285297 0.293643 -0.0166919
182 28 154 0.286252 0.293153 -0.0138023
183 28 155 0.286496 0.293043 -0.0130926
184 28 156 0.28549 0.293204 -0.0154276
185 28 157 0.28413 0.29406 -0.0198606
186 28 158 0.285602 0.293566 -0.0159286
187 28 159 0.286164 0.292838 -0.0133466
188 28 160 0.285992 0.293166 -0.0143483
189 28 161 0.285843 0.293755 -0.0158241
190 28 162 0.28428 0.295215 -0.02187
191 28 163 0.284244 0.295593 -0.0226984
192 28 164 0.283396 0.29702 -0.0272482
193 28 165 0.282012 0.298962 -0.0338994
194 28 166 0.281509 0.299709 -0.0363998
195 28 167 0.279059 0.301349 -0.0445811
196 28 168 0.277307 0.303259 -0.0519039
197 28 169 0.27841 0.303005 -0.0491908
198 28 170 0.279882 0.301686 -0.0436071
199 28 171 0.281455 0.300434 -0.0379574
200 28 172 0.281839 0.299582 -0.0354856
201 28 173 0.282457 0.298626 -0.0323387
202 28 174 0.283099 0.298001 -0.0298031
203 28 175 0.28278 0.298295 -0.0310285
204 28 176 0.279697 0.30132 -0.0432464
205 28 177 0.280507 0.300399 -0.0397849
206 28 178 0.280273 0.299989 -0.0394319
207 28 179 0.280225 0.300251 -0.0400518
208 28 180 0.279195 0.30117 -0.043949
209 28 181 0.277225 0.303852 -0.0532549
210 28 182 0.277299 0.304513 -0.0544284
211 28 183 0.276319 0.305478 -0.058318
212 28 184 0.276824 0.305614 -0.0575816
213 28 185 0.276606 0.305457 -0.0577021
214 28 186 0.277454 0.304094 -0.0532793
215 28 187 0.275336 0.306371 -0.0620695
216 28 188 0.275961 0.306305 -0.060688
217 28 189 0.276702 0.305349 -0.0572934
218 28 190 0.276732 0.305328 -0.0571917
219 28 191 0.277934 0.304187 -0.0525064
220 28 192 0.27782 0.305465 -0.0552897
221 28 193 0.276881 0.30644 -0.0591185
222 28 194 0.276958 0.306377 -0.0588387
223 28 195 0.276017 0.307484 -0.0629341
224 28 196 0.274751 0.308444 -0.0673877
225 28 197 0.274744 0.308018 -0.0665478
226 28 198 0.274499 0.308508 -0.0680184
227 28 199 0.276004 0.306768 -0.061527
228 28 200 0.275662 0.306846 -0.0623691
229 28 201 0.275959 0.306688 -0.0614591
230 28 202 0.276864 0.305502 -0.0572754
231 28 203 0.278054 0.304416 -0.0527232
232 28 204 0.278281 0.303917 -0.051273
233 28 205 0.277595 0.304374 -0.0535579
234 28 206 0.278087 0.3041 -0.0520264
235 28 207 0.277895 0.304502 -0.0532139
236 28 208 0.278081 0.304732 -0.0533036
237 28 209 0.276216 0.306379 -0.060326
238 28 210 0.277143 0.305301 -0.0563163
239 28 211 0.278758 0.303813 -0.0501106
240 28 212 0.278555 0.304451 -0.0517909
241 28 213 0.276609 0.306101 -0.0589845
242 28 214 0.278507 0.304207 -0.0514001
243 28 215 0.280133 0.302364 -0.0444617
244 28 216 0.279376 0.302841 -0.04693
245 28 217 0.276949 0.304737 -0.0555743
246 28 218 0.275295 0.306492 -0.0623952
247 28 219 0.273896 0.307748 -0.067705
248 28 220 0.276068 0.306102 -0.0600685
249 28 221 0.276648 0.305589 -0.0578818
250 28 222 0.275931 0.306551 -0.0612411
251 28 223 0.2754 0.306879 -0.0629589
252 28 224 0.275479 0.306753 -0.0625464
253 28 225 0.274706 0.307275 -0.0651381
254 28 226 0.274739 0.306866 -0.0642528
255 28 227 0.276179 0.30538 -0.0584019
256 28 228 0.276232 0.305739 -0.0590126
257 28 229 0.276466 0.305272 -0.0576117
258 28 230 0.275796 0.305338 -0.0590836
259 28 231 0.275426 0.305568 -0.0602826
260 28 232 0.275508 0.305784 -0.0605521
261 28 233 0.274914 0.306298 -0.0627689
262 28 234 0.275389 0.305571 -0.0603645
263 28 235 0.276229 0.304485 -0.0565127
264 28 236 0.277365 0.303313 -0.0518968
265 28 237 0.278522 0.302685 -0.0483275
266 28 238 0.278638 0.302359 -0.047442
267 28 239 0.27878 0.30179 -0.04602
268 28 240 0.278888 0.302485 -0.0471955
269 28 241 0.276457 0.304883 -0.0568532
270 28 242 0.276169 0.305776 -0.0592135
271 28 243 0.277003 0.304517 -0.055029
272 28 244 0.276575 0.304711 -0.0562717
273 28 245 0.27629 0.30561 -0.0586394
274 28 246 0.276082 0.305742 -0.0593204
275 28 247 0.276544 0.305398 -0.0577088
276 28 248 0.277797 0.304105 -0.0526178
277 28 249 0.276941 0.305086 -0.0562912
278 28 250 0.278687 0.302874 -0.0483747
279 28 251 0.278779 0.303144 -0.0487307
280 28 252 0.280246 0.301901 -0.0433096
281 28 253 0.280971 0.301255 -0.0405679
282 28 254 0.281743 0.30048 -0.0374741
283 28 255 0.278495 0.303497 -0.0500045
284 28 256 0.27953 0.303413 -0.0477658
285 28 257 0.279613 0.30321 -0.0471951
286 28 258 0.27944 0.303262 -0.0476457
287 28 259 0.279263 0.30399 -0.0494554
288 28 260 0.280195 0.303387 -0.0463841
289 28 261 0.280257 0.303292 -0.0460697
290 28 262 0.28177 0.301561 -0.039582
291 28 263 0.282338 0.301215 -0.0377556
292 28 264 0.283952 0.299736 -0.0315686
293 28 265 0.285878 0.298573 -0.0253889
294 28 266 0.284811 0.299547 -0.0294716
295 28 267 0.284535 0.300264 -0.0314577
296 28 268 0.284603 0.299364 -0.0295219
297 28 269 0.285773 0.297413 -0.0232797
298 28 270 0.286095 0.297427 -0.0226637
299 28 271 0.28566 0.298483 -0.025647
300 28 272 0.286434 0.298124 -0.0233798
301 28 273 0.287662 0.298042 -0.0207591
302 28 274 0.287266 0.298979 -0.0234246
303 28 275 0.288657 0.297455 -0.0175955
304 28 276 0.289457 0.296284 -0.0136528
305 28 277 0.291495 0.294183 -0.00537521
306 28 278 0.290997 0.294877 -0.00776041
307 28 279 0.289153 0.296514 -0.0147219
308 28 280 0.28953 0.295972 -0.0128826
309 28 281 0.290994 0.29523 -0.00847145
310 28 282 0.29056 0.295857 -0.0105935
311 28 283 0.290127 0.297266 -0.0142776
312 28 284 0.289172 0.298233 -0.0181225
313 28 285 0.288525 0.297723 -0.0183957
314 28 286 0.28844 0.297564 -0.018249
315 28 287 0.287804 0.297384 -0.0191592
316 28 288 0.28915 0.296491 -0.0146833
317 28 289 0.29029 0.295802 -0.0110232
318 28 290 0.290833 0.294447 -0.0072272
319 28 291 0.289194 0.296082 -0.0137765
320 28 292 0.289294 0.296489 -0.0143904
321 28 293 0.291232 0.294185 -0.00590758
322 28 294 0.29261 0.293465 -0.00170968
323 28 295 0.290421 0.295462 -0.0100831
324 28 296 0.289944 0.296175 -0.0124633
325 28 297 0.290888 0.295951 -0.0101263
326 28 298 0.29186 0.294891 -0.00606266
327 28 299 0.293134 0.293752 -0.00123619
328 28 300 0.291752 0.294953 -0.00640258
329 28 301 0.291836 0.294976 -0.00627906
330 28 302 0.290266 0.295824 -0.0111165
331 28 303 0.290893 0.295276 -0.00876664
332 28 304 0.29143 0.29487 -0.00687876
333 28 305 0.291836 0.294963 -0.00625378
334 28 306 0.291254 0.295321 -0.00813216
335 28 307 0.291566 0.295 -0.00686776
336 28 308 0.292433 0.293828 -0.00278849
337 28 309 0.291936 0.294307 -0.00474338
338 28 310 0.290029 0.296317 -0.0125758
339 28 311 0.289071 0.297292 -0.0164419
340 28 312 0.28753 0.298361 -0.0216614
341 28 313 0.287995 0.29768 -0.0193697
342 28 314 0.288057 0.297266 -0.0184185
343 28 315 0.288268 0.298004 -0.0194715
344 28 316 0.287741 0.298623 -0.0217642
345 28 317 0.288031 0.29785 -0.0196377
346 28 318 0.288014 0.297662 -0.0192966
347 28 319 0.289455 0.296491 -0.0140731
348 28 320 0.29031 0.295915 -0.0112094
349 28 321 0.289594 0.297517 -0.0158459
350 28 322 0.290303 0.297098 -0.0135912
351 28 323 0.289449 0.297877 -0.0168562
352 28 324 0.288646 0.298992 -0.0206927
353 28 325 0.287261 0.300385 -0.0262481
354 28 326 0.28671 0.30134 -0.0292598
355 28 327 0.287645 0.301434 -0.0275795
356 28 328 0.286949 0.300605 -0.0273117
357 28 329 0.288808 0.298697 -0.0197781
358 28 330 0.288094 0.299112 -0.022036
359 28 331 0.289702 0.296941 -0.0144777
360 28 332 0.290622 0.295565 -0.00988745
361 28 333 0.291616 0.294327 -0.00542246
362 28 334 0.291406 0.294898 -0.00698438
363 28 335 0.291561 0.295025 -0.0069279
364 28 336 0.292531 0.293589 -0.00211512
365 29 336 0.293449 0.292666 0.00156461
366 30 336 0.293133 0.292642 0.000983345
367 31 336 0.293276 0.291936 0.00268051
368 32 336 0.293875 0.291961 0.00382732
369 33 336 0.295962 0.289556 0.0128124
370 34 336 0.294188 0.291104 0.00616886
371 34 337 0.291961 0.293598 -0.00327364
372 34 338 0.291772 0.294267 -0.00498989
373 34 339 0.291832 0.294243 -0.00482131
374 34 340 0.291536 0.294431 -0.0057883
375 34 341 0.291265 0.294993 -0.00745628
376 34 342 0.291127 0.294745 -0.0072346
377 34 343 0.290663 0.295173 -0.00902082
378 34 344 0.290197 0.295709 -0.0110249
379 34 345 0.291139 0.293796 -0.00531362
380 34 346 0.29115 0.293593 -0.00488619
381 34 347 0.290681 0.294432 -0.00750201
382 34 348 0.291611 0.293243 -0.00326414
383 35 348 0.293356 0.291822 0.00306851
384 36 348 0.293308 0.291908 0.00280007
385 37 348 0.292982 0.292007 0.00195119
386 37 349 0.292493 0.292524 -6.29957e-05
387 37 350 0.291257 0.293856 -0.00519667
388 37 351 0.29184 0.29309 -0.00249862
389 37 352 0.289629 0.295451 -0.0116436
390 37 353 0.289367 0.295316 -0.0118989
391 37 354 0.289218 0.295605 -0.0127743
392 37 355 0.291469 0.294288 -0.00563714
393 37 356 0.291638 0.293722 -0.00416955
394 37 357 0.29237 0.293234 -0.00172893
395 37 358 0.289778 0.295577 -0.0115975
396 37 359 0.289433 0.295885 -0.0129035
397 37 360 0.288521 0.296389 -0.0157362
398 37 361 0.286811 0.297483 -0.0213444
399 37 362 0.28778 0.295652 -0.0157428
400 37 363 0.285949 0.297319 -0.0227398
